wandb: Starting wandb agent 🕵️
2025-01-07 17:11:18,014 - wandb.wandb_agent - INFO - Running runs: []
2025-01-07 17:11:18,329 - wandb.wandb_agent - INFO - Agent received command: run
2025-01-07 17:11:18,330 - wandb.wandb_agent - INFO - Agent starting run with config:
	augment_policy: 
	batch_size: 64
	beta_1: 0.6914927874342524
	beta_2: 0.9507364892134258
	channel_multiplier: 4
	critic_width: 128
	ema_momentum: 0.9017615590748418
	embedding_depth: 16
	epochs: 2500
	fields: ['u10']
	generator_width: 256
	input_policy: concat
	latent_dims: 64
	learning_rate: 0.01
	lookahead: False
	lrelu: 0.1028139215287247
	momentum: 0.45135374320113664
	noise_sd: 0
	pretrain_size: 10000
	scheduler: True
	target_weights: [0.2, 0.4, 0.4]
	training_balance: 10
	use_ema: False
	warmup_steps: 0.25
	weight_decay: 0
2025-01-07 17:11:18,344 - wandb.wandb_agent - INFO - About to run command: /usr/bin/env python train.py
2025-01-07 17:11:23,354 - wandb.wandb_agent - INFO - Running runs: ['4tnxmh3c']
